{
  "nbformat": 4,
  "nbformat_minor": 0,
  "metadata": {
    "colab": {
      "provenance": [],
      "include_colab_link": true
    },
    "kernelspec": {
      "name": "python3",
      "display_name": "Python 3"
    },
    "language_info": {
      "name": "python"
    }
  },
  "cells": [
    {
      "cell_type": "markdown",
      "metadata": {
        "id": "view-in-github",
        "colab_type": "text"
      },
      "source": [
        "<a href=\"https://colab.research.google.com/github/kamooshshaik/Banking-Risk-Analytics-Dashboard/blob/main/CE334_Deragula_Sujith_230351_Lab_0.ipynb\" target=\"_parent\"><img src=\"https://colab.research.google.com/assets/colab-badge.svg\" alt=\"Open In Colab\"/></a>"
      ]
    },
    {
      "cell_type": "code",
      "execution_count": null,
      "metadata": {
        "id": "7BOXFhXVO02M"
      },
      "outputs": [],
      "source": [
        "import numpy as np # importing numpy(Numerical Python)"
      ]
    },
    {
      "cell_type": "code",
      "source": [
        "#1. Create a row and column vector using the input method and manually.\n",
        "\n",
        "# creating the row and column vectors manually and printing them:\n",
        "row_mn=np.array([[1,2,3,4,5]])\n",
        "clmn_mn=np.array([[1],[2],[3],[4],[5]])\n",
        "print(\"Manually created vector: \")\n",
        "print(\"Row vector: \",row_mn)\n",
        "print(\"Column vector: \",clmn_mn)\n",
        "print()\n",
        "\n",
        "#  creating the row and column vectors using \"Input Method\" and printing them:\n",
        "x=[int(x) for x in input(\"Enter 5 numbers for vector(space separated): \").split()]\n",
        "row_im=np.array(x).reshape(1,-1) # reshaping x to row vector\n",
        "clmn_im=np.array(x).reshape(-1,1) # reshaping x to column vector\n",
        "print(\"vector created by Input method: \")\n",
        "print(\"Row vector: \",row_im)\n",
        "print(\"Column vector: \",clmn_im)"
      ],
      "metadata": {
        "colab": {
          "base_uri": "https://localhost:8080/"
        },
        "collapsed": true,
        "id": "B1tBiRhkTIhH",
        "outputId": "aef367d8-762d-4cf9-d200-88547ac370bc"
      },
      "execution_count": null,
      "outputs": [
        {
          "output_type": "stream",
          "name": "stdout",
          "text": [
            "Manually created vector: \n",
            "Row vector:  [[1 2 3 4 5]]\n",
            "Column vector:  [[1]\n",
            " [2]\n",
            " [3]\n",
            " [4]\n",
            " [5]]\n",
            "\n",
            "Enter 5 numbers for vector(space separated): 3 5 2 5 99\n",
            "vector created by Input method: \n",
            "Row vector:  [[ 3  5  2  5 99]]\n",
            "Column vector:  [[ 3]\n",
            " [ 5]\n",
            " [ 2]\n",
            " [ 5]\n",
            " [99]]\n"
          ]
        }
      ]
    },
    {
      "cell_type": "code",
      "source": [
        "#2. Create a matrix (5 × 5) using the input method as well as manually, and save it as a.\n",
        "\n",
        "# Manually:\n",
        "a=np.array([[1,2,3,4,5],[1,2,3,4,5],[1,2,3,4,5],[1,2,3,4,5],[1,2,3,4,5]])\n",
        "print(\"Manually created 5x5 matrix a:\")\n",
        "print(a)\n",
        "print()\n",
        "\n",
        "# Input method:\n",
        "x=[int(x) for x in input(\"Enter 25 numbers of 5x5 matrix(space separated: )\").split()]\n",
        "a=np.array(x).reshape(5,5) # reshaping the list into 5×5 matrix\n",
        "print(\"5x5 matrix a:\")\n",
        "print(a)"
      ],
      "metadata": {
        "colab": {
          "base_uri": "https://localhost:8080/"
        },
        "collapsed": true,
        "id": "aFTeDeD_b1U9",
        "outputId": "117a587e-3664-4131-919e-b371ac32423f"
      },
      "execution_count": null,
      "outputs": [
        {
          "output_type": "stream",
          "name": "stdout",
          "text": [
            "Manually created 5x5 matrix a:\n",
            "[[1 2 3 4 5]\n",
            " [1 2 3 4 5]\n",
            " [1 2 3 4 5]\n",
            " [1 2 3 4 5]\n",
            " [1 2 3 4 5]]\n",
            "\n",
            "Enter 25 numbers of 5x5 matrix(space separated: )84 12 45 92 7 33 61 29 55 10 98 4 72 38 81 19 66 50 3 88 24 57 41 15 76\n",
            "5x5 matrix a:\n",
            "[[84 12 45 92  7]\n",
            " [33 61 29 55 10]\n",
            " [98  4 72 38 81]\n",
            " [19 66 50  3 88]\n",
            " [24 57 41 15 76]]\n"
          ]
        }
      ]
    },
    {
      "cell_type": "code",
      "source": [
        "# 3. Get the 3rd row out of the matrix\n",
        "print(\"3rd row:\", a[2])"
      ],
      "metadata": {
        "colab": {
          "base_uri": "https://localhost:8080/"
        },
        "id": "F6UeenNhdrzr",
        "outputId": "a41a6e39-17a4-48d3-b610-5ef5256728f9"
      },
      "execution_count": null,
      "outputs": [
        {
          "output_type": "stream",
          "name": "stdout",
          "text": [
            "3rd row: [98  4 72 38 81]\n"
          ]
        }
      ]
    },
    {
      "cell_type": "code",
      "source": [
        "# 4. Get the 4th column out of the matrix.\n",
        "print(\"4th column:\", a.T[3]) # on transposing a matrix columns becomes rows. so, the 4th row of the transposed matrix is 4th column of original matrix"
      ],
      "metadata": {
        "colab": {
          "base_uri": "https://localhost:8080/"
        },
        "id": "sKp4AqI6e_QY",
        "outputId": "0357fbab-575e-41b9-e103-e80d8d283229"
      },
      "execution_count": null,
      "outputs": [
        {
          "output_type": "stream",
          "name": "stdout",
          "text": [
            "4th column: [92 55 38  3 15]\n"
          ]
        }
      ]
    },
    {
      "cell_type": "code",
      "source": [
        "# 5. Sort the matrix row-wise and column-wise.\n",
        "temp=a.copy() # copying the matrix a to temp\n",
        "\n",
        "# if we want to sort the matrix row-wise and column-wise once:\n",
        "a=np.sort(a,axis=1)\n",
        "a=np.sort(a,axis=0)\n",
        "print(\"Partially sorted matrix:\")\n",
        "print(a)\n",
        "\n",
        "#if we need the fully sorted matrix(row-wise and column-wise):\n",
        "a=temp\n",
        "a=a.reshape(-1) # converting the matrix to 1D array\n",
        "a=np.sort(a) # sorting all the elements\n",
        "a=a.reshape(5,5) # reshaping back to 5×5 matrix\n",
        "print(\"Fully sorted matrix:\")\n",
        "print(a)"
      ],
      "metadata": {
        "colab": {
          "base_uri": "https://localhost:8080/"
        },
        "collapsed": true,
        "id": "qh8CV2t7fnp8",
        "outputId": "c6b45a4c-492b-44ee-8776-57a5b2793aa8"
      },
      "execution_count": null,
      "outputs": [
        {
          "output_type": "stream",
          "name": "stdout",
          "text": [
            "Partially sorted matrix:\n",
            "[[ 3 12 33 55 61]\n",
            " [ 4 19 41 57 76]\n",
            " [ 7 24 45 66 88]\n",
            " [10 29 50 81 92]\n",
            " [15 38 72 84 98]]\n",
            "Fully sorted matrix:\n",
            "[[ 3  4  7 10 12]\n",
            " [15 19 24 29 33]\n",
            " [38 41 45 50 55]\n",
            " [57 61 66 72 76]\n",
            " [81 84 88 92 98]]\n"
          ]
        }
      ]
    },
    {
      "cell_type": "code",
      "source": [
        "# 6. Apply a for loop on the matrix a: if an element is greater than 2, multiply the element by 10, and call it b.\n",
        "temp=[] # Create an empty list\n",
        "for i in a.flat: # iterating every element in the 5x5 matrix using 'flat'\n",
        "  if i>2:\n",
        "    temp.append(i*10) # If the element is greater than 2 then multiplying it by 10 and adding to list\n",
        "  else:\n",
        "    temp.append(i)# or else simply adding that element to the list\n",
        "b=np.array(temp).reshape(5,5)  # reshaping the list to 5×5 matrix\n",
        "print(\"Matrix b:\")\n",
        "print(b)\n"
      ],
      "metadata": {
        "colab": {
          "base_uri": "https://localhost:8080/"
        },
        "collapsed": true,
        "id": "Z9Twsy9MkMsU",
        "outputId": "4c0a8201-16c0-48f2-b9d5-eaa446284dde"
      },
      "execution_count": null,
      "outputs": [
        {
          "output_type": "stream",
          "name": "stdout",
          "text": [
            "Matrix b:\n",
            "[[ 30  40  70 100 120]\n",
            " [150 190 240 290 330]\n",
            " [380 410 450 500 550]\n",
            " [570 610 660 720 760]\n",
            " [810 840 880 920 980]]\n"
          ]
        }
      ]
    },
    {
      "cell_type": "code",
      "source": [
        "# 7. Add matrices a and b.\n",
        "add=a+b # element-wise addition\n",
        "print(add)"
      ],
      "metadata": {
        "colab": {
          "base_uri": "https://localhost:8080/"
        },
        "collapsed": true,
        "id": "8JoXLNh2mU-4",
        "outputId": "e374489e-3bc7-4bf5-98c8-d76cc30a4969"
      },
      "execution_count": null,
      "outputs": [
        {
          "output_type": "stream",
          "name": "stdout",
          "text": [
            "[[  33   44   77  110  132]\n",
            " [ 165  209  264  319  363]\n",
            " [ 418  451  495  550  605]\n",
            " [ 627  671  726  792  836]\n",
            " [ 891  924  968 1012 1078]]\n"
          ]
        }
      ]
    },
    {
      "cell_type": "code",
      "source": [
        "# 8. Subtract matrix b from a.\n",
        "sub=b-a # each element of b is substracted from corresponding element of a\n",
        "print(sub)"
      ],
      "metadata": {
        "colab": {
          "base_uri": "https://localhost:8080/"
        },
        "collapsed": true,
        "id": "zOTkP7mrmhLp",
        "outputId": "47e4f402-385c-4199-b48f-e9fabff2c0da"
      },
      "execution_count": null,
      "outputs": [
        {
          "output_type": "stream",
          "name": "stdout",
          "text": [
            "[[ 27  36  63  90 108]\n",
            " [135 171 216 261 297]\n",
            " [342 369 405 450 495]\n",
            " [513 549 594 648 684]\n",
            " [729 756 792 828 882]]\n"
          ]
        }
      ]
    },
    {
      "cell_type": "code",
      "source": [
        "# 9. Multiply matrix a by b element-wise and using matrix multiplication.\n",
        "#element-wise:\n",
        "product1=a*b # multiplying element-wise\n",
        "print(\"Matrix multiplication a by b element-wise:\")\n",
        "print(product1)\n",
        "print()\n",
        "#using matrix multiplication:\n",
        "print(\"Matrix multiplication product matrix:\")\n",
        "product2=np.matmul(a, b) # matrix multiplication\n",
        "print(product2)"
      ],
      "metadata": {
        "colab": {
          "base_uri": "https://localhost:8080/"
        },
        "collapsed": true,
        "id": "TNwr0KjFmu2k",
        "outputId": "ef1d59aa-a5f7-43ea-8626-3091e565e07c"
      },
      "execution_count": null,
      "outputs": [
        {
          "output_type": "stream",
          "name": "stdout",
          "text": [
            "Matrix multiplication a by b element-wise:\n",
            "[[   90   160   490  1000  1440]\n",
            " [ 2250  3610  5760  8410 10890]\n",
            " [14440 16810 20250 25000 30250]\n",
            " [32490 37210 43560 51840 57760]\n",
            " [65610 70560 77440 84640 96040]]\n",
            "\n",
            "Matrix multiplication product matrix:\n",
            "[[ 18770  19930  21480  23200  24890]\n",
            " [ 55680  59460  64590  70250  75650]\n",
            " [ 97440 104460 114150 124790 134740]\n",
            " [138540 148690 162730 178150 192470]\n",
            " [180290 193720 212390 232860 251800]]\n"
          ]
        }
      ]
    },
    {
      "cell_type": "code",
      "source": [
        "# 10. Divide each element of matrices a and b by 18.\n",
        "\n",
        "# Dividing each element of matrices a and b by 18.\n",
        "a=a/18\n",
        "print(\"Matrix a after division:\")\n",
        "print(a)\n",
        "print()\n",
        "b=b/18\n",
        "print(\"Matrix b after division:\")\n",
        "print(b)\n"
      ],
      "metadata": {
        "colab": {
          "base_uri": "https://localhost:8080/"
        },
        "id": "q18riaX9n4Gu",
        "outputId": "490a23f3-08f7-4712-abe3-9aaf4a2947a9"
      },
      "execution_count": null,
      "outputs": [
        {
          "output_type": "stream",
          "name": "stdout",
          "text": [
            "Matrix a after division:\n",
            "[[0.16666667 0.22222222 0.38888889 0.55555556 0.66666667]\n",
            " [0.83333333 1.05555556 1.33333333 1.61111111 1.83333333]\n",
            " [2.11111111 2.27777778 2.5        2.77777778 3.05555556]\n",
            " [3.16666667 3.38888889 3.66666667 4.         4.22222222]\n",
            " [4.5        4.66666667 4.88888889 5.11111111 5.44444444]]\n",
            "\n",
            "Matrix b after division:\n",
            "[[ 1.66666667  2.22222222  3.88888889  5.55555556  6.66666667]\n",
            " [ 8.33333333 10.55555556 13.33333333 16.11111111 18.33333333]\n",
            " [21.11111111 22.77777778 25.         27.77777778 30.55555556]\n",
            " [31.66666667 33.88888889 36.66666667 40.         42.22222222]\n",
            " [45.         46.66666667 48.88888889 51.11111111 54.44444444]]\n"
          ]
        }
      ]
    },
    {
      "cell_type": "code",
      "source": [
        "# 11. Find the inverse, rank, condition number, singular value decomposition, and the norm of matrices a and b.\n",
        "\n",
        "# Inverse of a and b:\n",
        "if np.linalg.det(a)!=0: # checking for det(a)!=0 cause Inverse wont exist if determinant=0(singular matrix)\n",
        "    inv_a=np.linalg.inv(a)\n",
        "    print(\"Inverse of matrix a:\\n\",inv_a)\n",
        "else:\n",
        "    print(\"Matrix a is singular, inverse does not exist\")\n",
        "if np.linalg.det(b)!=0: # checking for det(b)!=0 cause Inverse wont exist if det(b)=0\n",
        "    inv_b=np.linalg.inv(b)\n",
        "    print(\"Inverse of matrix b:\\n\",inv_b)\n",
        "else:\n",
        "    print(\"Matrix b is singular, inverse does not exist\")\n",
        "print()\n",
        "\n",
        "# rank of a and b:\n",
        "rank_a=np.linalg.matrix_rank(a)\n",
        "rank_b=np.linalg.matrix_rank(b)\n",
        "print(\"Rank of matrix a:\",rank_a)\n",
        "print(\"Rank of matrix b:\",rank_b)\n",
        "print()\n",
        "\n",
        "# condition number of a and b:\n",
        "cond_a=np.linalg.cond(a)\n",
        "cond_b=np.linalg.cond(b)\n",
        "print(\"Condition number of matrix a:\",cond_a)\n",
        "print(\"Condition number of matrix b:\",cond_b)\n",
        "print()\n",
        "\n",
        "# Singular Value Decomposition(SVD) of a and b:\n",
        "# Decomposing matrix a into U, Singular Values (S), and V-transpose (V^T)\n",
        "U_a,S_a,VT_a=np.linalg.svd(a)\n",
        "print(\"SVD of matrix a:\")\n",
        "print(\"U:\\n\",U_a)\n",
        "print(\"Singular values:\\n\",S_a)\n",
        "print(\"V^T:\\n\",VT_a)\n",
        "# Decomposing matrix b into U, Singular Values (S), and V-transpose (V^T)\n",
        "U_b,S_b,VT_b=np.linalg.svd(b)\n",
        "print(\"SVD of matrix b:\")\n",
        "print(\"U:\\n\",U_b)\n",
        "print(\"Singular values:\\n\",S_b)\n",
        "print(\"V^T:\\n\",VT_b)\n",
        "print()\n",
        "\n",
        "# norm of a and b:\n",
        "norm_a=np.linalg.norm(a)\n",
        "norm_b=np.linalg.norm(b)\n",
        "print(\"Norm of matrix a:\", norm_a)\n",
        "print(\"Norm of matrix b:\", norm_b)\n",
        "\n"
      ],
      "metadata": {
        "colab": {
          "base_uri": "https://localhost:8080/"
        },
        "collapsed": true,
        "id": "AoaeP8JZoQ_6",
        "outputId": "564b60ce-bae3-423f-bb46-257bebead22d"
      },
      "execution_count": null,
      "outputs": [
        {
          "output_type": "stream",
          "name": "stdout",
          "text": [
            "Inverse of matrix a:\n",
            " [[ 12.57473163  -8.6209744    0.50536746  -0.50536746   1.47151115]\n",
            " [-24.19818332   2.97274979  15.96366639   2.03633361  -8.57638315]\n",
            " [ 12.2625929   14.06110652 -29.25185797  -6.74814203  15.41370768]\n",
            " [  0.63914121  -9.58711808   5.21717589  12.78282411  -9.69116433]\n",
            " [ -1.26341866   0.95127993   7.26837325  -7.26837325   1.57555739]]\n",
            "Inverse of matrix b:\n",
            " [[ 1.25747316 -0.86209744  0.05053675 -0.05053675  0.14715111]\n",
            " [-2.41981833  0.29727498  1.59636664  0.20363336 -0.85763832]\n",
            " [ 1.22625929  1.40611065 -2.9251858  -0.6748142   1.54137077]\n",
            " [ 0.06391412 -0.95871181  0.52171759  1.27828241 -0.96911643]\n",
            " [-0.12634187  0.09512799  0.72683732 -0.72683732  0.15755574]]\n",
            "\n",
            "Rank of matrix a: 5\n",
            "Rank of matrix b: 5\n",
            "\n",
            "Condition number of matrix a: 730.6229409401877\n",
            "Condition number of matrix b: 730.6229409401781\n",
            "\n",
            "SVD of matrix a:\n",
            "U:\n",
            " [[-0.06094768 -0.46024121 -0.26701203 -0.67485892 -0.50767453]\n",
            " [-0.19933325 -0.70828274  0.10244215  0.6302379  -0.22562715]\n",
            " [-0.37546387 -0.27877268 -0.52878343 -0.09480051  0.70193562]\n",
            " [-0.54282751 -0.09084217  0.74443104 -0.32667496  0.19024168]\n",
            " [-0.72174567  0.44782484 -0.29055239  0.17793807 -0.40305515]]\n",
            "Singular values:\n",
            " [15.2777281   0.73131838  0.06938867  0.03953323  0.02091055]\n",
            "V^T:\n",
            " [[-0.38852139 -0.41150772 -0.44162595 -0.47508342 -0.50889565]\n",
            " [ 0.64552228  0.40625999  0.04920775 -0.33592276 -0.55044374]\n",
            " [-0.36857513  0.16182945  0.28671898  0.58426527 -0.64373125]\n",
            " [-0.53529635  0.57320226  0.32838466 -0.50872713  0.1351192 ]\n",
            " [-0.09981132  0.55755234 -0.78262434  0.24755289  0.07341521]]\n",
            "SVD of matrix b:\n",
            "U:\n",
            " [[-0.06094768 -0.46024121 -0.26701203 -0.67485892 -0.50767453]\n",
            " [-0.19933325 -0.70828274  0.10244215  0.6302379  -0.22562715]\n",
            " [-0.37546387 -0.27877268 -0.52878343 -0.09480051  0.70193562]\n",
            " [-0.54282751 -0.09084217  0.74443104 -0.32667496  0.19024168]\n",
            " [-0.72174567  0.44782484 -0.29055239  0.17793807 -0.40305515]]\n",
            "Singular values:\n",
            " [152.77728097   7.31318382   0.69388671   0.39533231   0.20910551]\n",
            "V^T:\n",
            " [[-0.38852139 -0.41150772 -0.44162595 -0.47508342 -0.50889565]\n",
            " [ 0.64552228  0.40625999  0.04920775 -0.33592276 -0.55044374]\n",
            " [-0.36857513  0.16182945  0.28671898  0.58426527 -0.64373125]\n",
            " [-0.53529635  0.57320226  0.32838466 -0.50872713  0.1351192 ]\n",
            " [-0.09981132  0.55755234 -0.78262434  0.24755289  0.07341521]]\n",
            "\n",
            "Norm of matrix a: 15.295444331040226\n",
            "Norm of matrix b: 152.95444331040227\n"
          ]
        }
      ]
    },
    {
      "cell_type": "code",
      "source": [
        "# 12. Find the norm, inner product, and outer product of the column vector.\n",
        "\n",
        "# norm of the column vector:\n",
        "norm_v=np.linalg.norm(clmn_im)\n",
        "print(\"Norm of the column vector:\",norm_v)\n",
        "print()\n",
        "\n",
        "# inner product:\n",
        "in_pro=np.dot(clmn_im.T,clmn_im)\n",
        "print(\"Inner product of the column vector:\",in_pro)\n",
        "print()\n",
        "\n",
        "# outer product of the column vector:\n",
        "out_pro=np.dot(clmn_im,clmn_im.T)\n",
        "print(\"Outer product of the column vector:\",out_pro)\n",
        "\n"
      ],
      "metadata": {
        "colab": {
          "base_uri": "https://localhost:8080/"
        },
        "collapsed": true,
        "id": "cp73tePooZ84",
        "outputId": "86e03f1d-6999-4371-dd6a-b29431d167a6"
      },
      "execution_count": null,
      "outputs": [
        {
          "output_type": "stream",
          "name": "stdout",
          "text": [
            "Norm of the column vector: 99.31767214348109\n",
            "\n",
            "Inner product of the column vector: [[9864]]\n",
            "\n",
            "Outer product of the column vector: [[   9   15    6   15  297]\n",
            " [  15   25   10   25  495]\n",
            " [   6   10    4   10  198]\n",
            " [  15   25   10   25  495]\n",
            " [ 297  495  198  495 9801]]\n"
          ]
        }
      ]
    },
    {
      "cell_type": "code",
      "source": [
        "# 13. Write a function called derivative which takes input parameters f(x), a, method (forward, backward, and central),\n",
        "# and h (step size) (with default values method=‘central’ and h = 0.01). The function should return the corresponding\n",
        "# difference formula for the derivative of the function at a with step size h. Test your function on e^x and\n",
        "# cos x at x = 0.5.\n",
        "\n",
        "def derivative(f,a,method='central',h=0.01):\n",
        "    if method=='forward':\n",
        "        return (f(a+h)-f(a))/h\n",
        "    elif method=='backward':\n",
        "        return (f(a)-f(a-h))/h\n",
        "    elif method=='central':\n",
        "        return (f(a+h)-f(a-h))/(2*h)\n",
        "    else:\n",
        "        raise ValueError(\"Invalid Method. It must be 'forward', 'backward', or 'central'\")\n",
        "\n",
        "# testing:\n",
        "f1=np.exp\n",
        "print(\"Derivative of e^x at x=0.5\")\n",
        "print(\"Forward :\",derivative(f1,0.5,'forward'))\n",
        "print(\"Backward:\",derivative(f1,0.5,'backward'))\n",
        "print(\"Central :\",derivative(f1,0.5))\n",
        "print(\"Exact value:\",np.exp(0.5))\n",
        "print()\n",
        "\n",
        "f2 = np.cos\n",
        "print(\"Derivative of cos(x) at x=0.5\")\n",
        "print(\"Forward :\",derivative(f2,0.5,'forward'))\n",
        "print(\"Backward:\",derivative(f2,0.5,'backward'))\n",
        "print(\"Central :\",derivative(f2,0.5))\n",
        "print(\"Exact value:\",-np.sin(0.5))\n",
        "\n"
      ],
      "metadata": {
        "colab": {
          "base_uri": "https://localhost:8080/"
        },
        "collapsed": true,
        "id": "6mCkR1WqoaPY",
        "outputId": "b4706ec6-7d8e-40db-9fc0-5f2ce053382c"
      },
      "execution_count": null,
      "outputs": [
        {
          "output_type": "stream",
          "name": "stdout",
          "text": [
            "Derivative of e^x at x=0.5\n",
            "Forward : 1.6569924245758205\n",
            "Backward: 1.6405050744749294\n",
            "Central : 1.648748749525375\n",
            "Exact value: 1.6487212707001282\n",
            "\n",
            "Derivative of cos(x) at x=0.5\n",
            "Forward : -0.483805424462147\n",
            "Backward: -0.4750296719748692\n",
            "Central : -0.4794175482185081\n",
            "Exact value: -0.479425538604203\n"
          ]
        }
      ]
    },
    {
      "cell_type": "code",
      "source": [
        "# 14. Download the Automatic Weather Station AWS Data. Read the .csv file using the Pandas library as a DataFrame.\n",
        "import pandas as pd # importing pandas\n",
        "data=pd.read_csv(\"AWS(in).csv\")  # reading CSV file into DataFrame\n",
        "print(data) # displaying the data\n"
      ],
      "metadata": {
        "colab": {
          "base_uri": "https://localhost:8080/"
        },
        "collapsed": true,
        "id": "Mbl8AiO1oajU",
        "outputId": "bb8ddff0-09a9-498b-97dd-a43aea7a959c"
      },
      "execution_count": null,
      "outputs": [
        {
          "output_type": "stream",
          "name": "stdout",
          "text": [
            "                    created_at  entry_id  Soil Temperature  Soil Moisture  \\\n",
            "0    2022-12-14T14:19:11+05:30     10830             21.06            817   \n",
            "1    2022-12-14T14:20:13+05:30     10831             21.06            817   \n",
            "2    2022-12-14T14:21:15+05:30     10832             21.06            817   \n",
            "3    2022-12-14T14:22:18+05:30     10833             21.06            817   \n",
            "4    2022-12-14T14:23:20+05:30     10834             21.06            817   \n",
            "..                         ...       ...               ...            ...   \n",
            "654  2022-12-26T14:37:18+05:30     11484             20.50            818   \n",
            "655  2022-12-26T15:17:18+05:30     11485           4095.94            818   \n",
            "656  2022-12-26T15:57:59+05:30     11486             20.50            818   \n",
            "657  2022-12-26T16:58:03+05:30     11487             20.00            816   \n",
            "658  2022-12-26T17:18:03+05:30     11488             19.75            816   \n",
            "\n",
            "     Wind Speed  Rainfall  Temperature  Humidity  Pressure  Battery Voltage  \n",
            "0          0.00      0.25        25.38     45.09      1.94             4.14  \n",
            "1          0.00      0.25        25.27     46.52      1.94             4.14  \n",
            "2          0.00      0.25        25.34     45.79      1.94             4.14  \n",
            "3          0.00      0.25        25.13     44.91      1.94             4.15  \n",
            "4          0.00      0.25        24.95     45.12      1.94             4.15  \n",
            "..          ...       ...          ...       ...       ...              ...  \n",
            "654        1.01      0.46        24.58     45.68      1.95             4.09  \n",
            "655        0.67      0.46        25.36     42.22      1.95             4.09  \n",
            "656        0.00      0.46        23.61     52.21      1.95             4.13  \n",
            "657        0.00      0.46        20.28     61.70      1.95             4.11  \n",
            "658        0.00      0.46        19.06     64.70      1.95             4.11  \n",
            "\n",
            "[659 rows x 10 columns]\n"
          ]
        }
      ]
    },
    {
      "cell_type": "markdown",
      "source": [
        "Marks : /10"
      ],
      "metadata": {
        "id": "95TauTzJX7Cm"
      }
    }
  ]
}